1.610000000000000142e+01
1.543508840000000681e+01
1.478426719999999683e+01
1.414740680000000594e+01
1.352437759999999756e+01
1.291505000000000081e+01
1.231929439999999687e+01
1.173698120000000067e+01
1.116798079999999871e+01
1.061216360000000059e+01
1.006940000000000346e+01
9.539560400000000939e+00
9.022515200000000846e+00
8.518134799999996787e+00
8.026289600000005464e+00
7.546849999999999170e+00
7.079686400000003488e+00
6.624669200000004921e+00
6.181668800000000630e+00
5.750555600000003764e+00
5.331199999999999051e+00
4.923472400000003191e+00
4.527243199999999135e+00
4.142382800000000032e+00
3.768761600000002598e+00
3.406250000000000444e+00
3.054718399999997391e+00
2.714037199999999483e+00
2.384076800000001217e+00
2.064707599999999754e+00
1.755800000000001138e+00
1.457224399999999864e+00
1.168851200000000201e+00
8.905507999999984214e-01
6.221935999999996803e-01
3.636500000000002508e-01
1.147903999999990710e-01
-1.245147999999995925e-01
-3.543951999999994662e-01
-5.749803999999989479e-01
-7.863999999999999879e-01
-9.887835999999992076e-01
-1.182260799999999445e+00
-1.366961200000000876e+00
-1.543014400000001007e+00
-1.710550000000000015e+00
-1.869697599999999849e+00
-2.020586799999998906e+00
-2.163347200000000026e+00
-2.298108399999999829e+00
-2.424999999999999378e+00
-2.544151600000000624e+00
-2.655692800000000187e+00
-2.759753200000000017e+00
-2.856462400000000290e+00
-2.945949999999999402e+00
-3.028345600000000193e+00
-3.103778799999999727e+00
-3.172379199999999511e+00
-3.234276399999999718e+00
-3.289600000000000524e+00
-3.338479600000000325e+00
-3.381044800000000183e+00
-3.417425199999999830e+00
-3.447750399999999882e+00
-3.472150000000000070e+00
-3.490753600000000123e+00
-3.503690799999999772e+00
-3.511091200000000079e+00
-3.513084399999999885e+00
-3.509800000000000253e+00
-3.501367600000000024e+00
-3.487916799999999817e+00
-3.469577199999999806e+00
-3.446478399999999720e+00
-3.418750000000000178e+00
-3.386521600000000021e+00
-3.349922799999999867e+00
-3.309083199999999891e+00
-3.264132399999999823e+00
-3.215199999999999836e+00
-3.162415600000000104e+00
-3.105908799999999914e+00
-3.045809199999999883e+00
-2.982246400000000186e+00
-2.915350000000000108e+00
-2.845249599999999823e+00
-2.772074800000000394e+00
-2.695955199999999774e+00
-2.617020400000000357e+00
-2.535399999999999654e+00
-2.451223600000000058e+00
-2.364620800000000855e+00
-2.275721200000000000e+00
-2.184654400000000329e+00
-2.091549999999999798e+00
-1.996537600000000356e+00
-1.899746799999999514e+00
-1.801307200000000330e+00
-1.701348399999999428e+00
-1.600000000000000089e+00
-1.497391600000000711e+00
-1.393652799999999914e+00
-1.288913200000000536e+00
-1.183302399999999643e+00
-1.076950000000000518e+00
-9.699855999999995593e-01
-8.625388000000002720e-01
-7.547391999999992773e-01
-6.467164000000000801e-01
-5.386000000000008558e-01
-4.305196000000000023e-01
-3.226048000000005800e-01
-2.149851999999998764e-01
-1.077904000000002860e-01
-1.149999999999540279e-03
1.048063999999997442e-01
2.099491999999991698e-01
3.141487999999998948e-01
4.172755999999995247e-01
5.192000000000001059e-01
6.197923999999992439e-01
7.189232000000003175e-01
8.164627999999996000e-01
9.122816000000004699e-01
1.006249999999999645e+00
1.098238399999999171e+00
1.188117199999999762e+00
1.275756799999999469e+00
1.361027599999999893e+00
1.443799999999999528e+00
1.523944399999999977e+00
1.601331199999999733e+00
1.675830800000000398e+00
1.747313599999999134e+00
1.815649999999999320e+00
1.880710399999999893e+00
1.942365200000000236e+00
2.000484799999999286e+00
2.054939599999999533e+00
2.105599999999999472e+00
2.152336400000000260e+00
2.195019199999999504e+00
2.233518799999999693e+00
2.267705599999999766e+00
2.297449999999999548e+00
2.322622399999998866e+00
2.343093199999999765e+00
2.358732799999999408e+00
2.369411599999999840e+00
2.374999999999999556e+00
2.375368399999999713e+00
2.370387199999999250e+00
2.359926799999999769e+00
2.343857599999999763e+00
2.322049999999998615e+00
2.294374399999999703e+00
2.260701199999999744e+00
2.220900799999999009e+00
2.174843599999999988e+00
2.122399999999999842e+00
2.063440399999999286e+00
1.997835199999998146e+00
1.925454800000000244e+00
1.846169600000000077e+00
1.759849999999998804e+00
1.666366399999998471e+00
1.565589199999999792e+00
1.457388799999998596e+00
1.341635599999998707e+00
1.218200000000000838e+00
1.086952399999999042e+00
9.477631999999975854e-01
8.005027999999980715e-01
6.450415999999994376e-01
4.812499999999979572e-01
3.089983999999978970e-01
1.281572000000008593e-01
-6.140319999999954703e-02
-2.598124000000034961e-01
-4.672000000000049447e-01
-6.836955999999987377e-01
-9.094288000000010364e-01
-1.144529200000003133e+00
-1.389126399999997208e+00
-1.643349999999998534e+00
-1.907329600000002845e+00
-2.181194800000005873e+00
-2.465075199999999800e+00
-2.759100399999999897e+00
-3.063400000000003676e+00
-3.378103600000006868e+00
-3.703340799999999877e+00
-4.039241200000001086e+00
-4.385934400000001787e+00
-4.743549999999997269e+00
-5.112217599999999251e+00
-5.492066800000005244e+00
-5.883227200000007429e+00
-6.285828399999999760e+00
